Date,Store,Weekly_Sales,Holiday_Flag,Temp_Celsius,Unemployment
2010-01-10,23.0,938663.9082222221,0.0,6.815555555555558,8.47528888888889
2010-02-04,23.0,1120529.5835555554,0.0,-2.488395061728393,8.49771111111111
2010-02-07,23.0,1087055.211111111,0.0,10.851851851851855,8.428577777777777
2010-02-19,23.0,1072822.084,0.0,-11.044567901234567,8.619311111111111
2010-02-26,23.0,977079.3584444445,0.0,-10.198024691358025,8.619311111111111
2010-03-09,23.0,1048761.2802222222,0.0,10.467901234567902,8.428577777777777
2010-03-12,23.0,1109089.5084444445,0.0,-8.893950617283949,8.47528888888889
2010-03-19,23.0,999754.992,0.0,-4.247654320987653,8.619311111111111
2010-03-26,23.0,980754.69,0.0,-5.070246913580246,8.619311111111111
2010-04-06,23.0,1115300.958222222,0.0,8.783827160493829,8.49771111111111
2010-04-16,23.0,1004081.4906666667,0.0,0.2339506172839518,8.49771111111111
2010-04-23,23.0,994098.9457777778,0.0,-0.28358024691357936,8.49771111111111
2010-04-30,23.0,971225.0380000001,0.0,0.1414814814814826,8.49771111111111
2010-05-02,23.0,1105572.0111111111,0.0,-13.090370370370369,8.619311111111111
2010-05-03,23.0,1041588.2288888888,0.0,-8.157037037037036,8.619311111111111
2010-05-11,23.0,1017377.3753333334,0.0,-2.7317283950617273,8.47528888888889
2010-05-14,23.0,1007335.1155555557,0.0,1.6719753086419766,8.49771111111111
2010-05-21,23.0,1002669.0680000001,0.0,4.812592592592594,8.49771111111111
2010-05-28,23.0,1061277.8346666668,0.0,7.14456790123457,8.49771111111111
2010-06-08,23.0,1071222.2026666666,0.0,12.441975308641979,8.428577777777777
2010-06-18,23.0,1058267.694,0.0,8.871851851851854,8.49771111111111
2010-06-25,23.0,1035756.362,0.0,11.771234567901237,8.49771111111111
2010-07-05,23.0,1077849.8560000001,0.0,3.625061728395064,8.49771111111111
2010-07-16,23.0,1027642.2128888889,0.0,12.67135802469136,8.428577777777777
2010-07-23,23.0,997529.9802222222,0.0,13.07283950617284,8.428577777777777
2010-07-30,23.0,991785.8537777779,0.0,11.973456790123459,8.428577777777777
2010-08-10,23.0,1002288.3162222222,0.0,2.2966666666666677,8.47528888888889
2010-08-13,23.0,1032542.6313333334,0.0,12.156913580246917,8.428577777777777
2010-08-20,23.0,1045798.9537777778,0.0,12.146419753086422,8.428577777777777
2010-08-27,23.0,1020216.4542222222,0.0,10.631851851851852,8.428577777777777
2010-09-04,23.0,1052562.0097777778,0.0,0.4559259259259275,8.49771111111111
2010-09-07,23.0,1064433.986,0.0,11.84024691358025,8.428577777777777
2010-09-17,23.0,957349.478,0.0,7.574320987654322,8.428577777777777
2010-09-24,23.0,919078.0979999999,0.0,7.488641975308643,8.428577777777777
2010-10-09,23.0,1014097.7297777777,1.0,8.249876543209878,8.428577777777777
2010-10-12,23.068181818181817,1202605.6434090908,0.0,-10.053535353535352,8.497818181818182
2010-10-15,23.0,958877.1877777779,0.0,1.828271604938273,8.47528888888889
2010-10-22,23.0,957037.1004444443,0.0,0.850493827160495,8.47528888888889
2010-10-29,23.0,968951.7988888889,0.0,0.8809876543209895,8.47528888888889
2010-11-06,23.0,1062812.1493333334,0.0,9.40987654320988,8.49771111111111
2010-11-19,23.0,1002790.7595555555,0.0,-5.254197530864197,8.47528888888889
2010-11-26,24.35,1289796.09025,1.0,-5.186249999999999,8.531375
2010-12-02,23.0,1074148.3917777778,1.0,-13.027037037037038,8.619311111111111
2010-12-03,23.0,1020564.3668888889,0.0,-5.6486419753086405,8.619311111111111
2010-12-11,23.0,1024995.5739999999,0.0,-4.0001234567901225,8.47528888888889
2010-12-17,24.35,1197884.86175,0.0,-9.495555555555553,8.531375
2010-12-24,25.444444444444443,1402731.8166666667,0.0,-8.81003086419753,8.68825
2010-12-31,23.0,898500.4222222222,1.0,-11.565185185185184,8.47528888888889
2011-01-04,23.0,965755.3597777777,0.0,-4.924197530864196,8.150133333333333
2011-01-07,23.0,1057300.4333333333,0.0,11.755061728395065,8.097488888888888
2011-01-14,23.0,903859.512,0.0,-14.950246913580246,8.2912
2011-01-21,23.0,903436.6228888889,0.0,-11.15432098765432,8.2912
2011-01-28,22.931818181818183,881417.4511363637,0.0,-12.715151515151517,8.299931818181818
2011-02-09,23.0,1008369.4060000001,0.0,12.053456790123457,8.097488888888888
2011-02-12,23.0,1097567.922,0.0,-6.487777777777778,7.804222222222222
2011-02-18,23.0,1082581.4248888888,0.0,-6.509012345679011,8.2912
2011-02-25,23.0,980574.663111111,0.0,-8.024814814814814,8.2912
2011-03-06,23.0,1083822.092888889,0.0,8.763456790123458,8.150133333333333
2011-03-18,23.0,997162.7993333333,0.0,-2.5686419753086414,8.2912
2011-03-25,23.0,952804.4262222222,0.0,-3.3285185185185173,8.2912
2011-04-02,23.363636363636363,1036251.8943181819,0.0,-14.65530303030303,8.279227272727272
2011-04-03,23.0,1044013.4164444444,0.0,-7.124814814814814,8.2912
2011-04-11,23.0,1081234.3177777778,0.0,-4.666666666666665,7.804222222222222
2011-04-15,23.0,999407.292,0.0,-0.3592592592592576,8.150133333333333
2011-04-22,23.0,1081704.2680000002,0.0,0.8918518518518531,8.150133333333333
2011-04-29,23.0,967334.0617777779,0.0,2.5220987654321,8.150133333333333
2011-05-08,23.0,1067010.377111111,0.0,13.203703703703706,8.097488888888888
2011-05-13,23.0,1009914.3293333333,0.0,4.117037037037039,8.150133333333333
2011-05-20,23.0,978813.2891111111,0.0,2.67530864197531,8.150133333333333
2011-05-27,23.0,1006521.2675555556,0.0,6.629012345679015,8.150133333333333
2011-06-05,23.0,1041376.8508888888,0.0,0.31950617283950716,8.150133333333333
2011-06-17,23.0,1054390.2615555557,0.0,9.597283950617285,8.150133333333333
2011-06-24,23.0,1019646.5462222222,0.0,10.357901234567903,8.150133333333333
2011-07-01,23.136363636363637,947561.7415909092,0.0,-12.037373737373736,8.323590909090909
2011-07-10,23.0,1049148.6302222223,0.0,3.0202469135802485,7.804222222222222
2011-07-15,23.0,1011465.1093333333,0.0,12.426172839506176,8.097488888888888
2011-07-22,23.0,1006098.0308888889,0.0,13.653580246913581,8.097488888888888
2011-07-29,23.0,970739.4284444444,0.0,13.115555555555556,8.097488888888888
2011-08-04,23.0,1019721.4844444444,0.0,-1.0959259259259246,8.150133333333333
2011-08-07,23.0,1063539.195111111,0.0,12.419012345679013,8.097488888888888
2011-08-19,23.0,1042607.7248888889,0.0,11.975925925925928,8.097488888888888
2011-08-26,23.0,1053709.9655555557,0.0,12.534444444444446,8.097488888888888
2011-09-09,23.0,1039182.834,1.0,8.804197530864199,8.097488888888888
2011-09-12,23.0,1234692.171111111,0.0,-10.772716049382716,7.804222222222222
2011-09-16,23.0,973199.1128888888,0.0,7.469012345679014,8.097488888888888
2011-09-23,23.0,949291.0384444444,0.0,6.150740740740744,8.097488888888888
2011-09-30,23.0,937685.1291111112,0.0,8.437901234567903,8.097488888888888
2011-10-06,23.0,1059327.4368888887,0.0,9.556543209876544,8.150133333333333
2011-10-14,23.0,986107.1177777777,0.0,3.010864197530866,7.804222222222222
2011-10-21,23.0,1018198.9653333332,0.0,1.8308641975308655,7.804222222222222
2011-10-28,23.0,1019018.2455555554,0.0,-0.6283950617283932,7.804222222222222
2011-11-02,23.0,1051915.3953333334,1.0,-14.133827160493825,8.2912
2011-11-03,23.0,991718.2088888888,0.0,-5.833580246913579,8.2912
2011-11-11,23.0,1077204.9944444445,0.0,-4.715308641975308,7.804222222222222
2011-11-18,23.0,1031977.3457777778,0.0,-3.0046913580246892,7.804222222222222
2011-11-25,24.097560975609756,1338251.23,1.0,-4.366802168021678,7.919487804878049
2011-12-08,23.0,1027768.2046666667,0.0,12.700000000000003,8.097488888888888
2011-12-16,23.761904761904763,1233122.2716666667,0.0,-8.898148148148147,7.918404761904761
2011-12-23,24.86842105263158,1404980.7852631577,0.0,-10.02953216374269,7.916552631578948
2011-12-30,23.0,1023165.8008888889,1.0,-10.929876543209875,7.804222222222222
2012-01-06,23.0,1072925.5493333333,0.0,8.524320987654322,7.419533333333334
2012-01-13,23.0,933846.1884444443,0.0,-9.949876543209875,7.508333333333334
2012-01-20,23.0,935133.2568888889,0.0,-9.921234567901234,7.508333333333334
2012-01-27,23.0,885221.6593333334,0.0,-8.263333333333332,7.508333333333334
2012-02-03,23.0,1041356.3326666666,0.0,-6.729753086419752,7.508333333333334
2012-02-17,23.0,1115490.1546666666,0.0,-9.664814814814815,7.508333333333334
2012-02-24,23.0,1017144.5904444444,0.0,-6.931111111111109,7.508333333333334
2012-03-02,23.0,1024124.6242222222,0.0,-7.108641975308641,7.508333333333334
2012-03-08,23.0,1055242.2124444444,0.0,12.631358024691359,7.237333333333334
2012-03-16,23.0,1042255.6653333333,0.0,-1.5876543209876528,7.508333333333334
2012-03-23,23.0,999862.098888889,0.0,-0.25543209876543044,7.508333333333334
2012-03-30,23.0,1006063.6004444446,0.0,-0.03975308641975097,7.508333333333334
2012-04-05,23.0,1047204.3984444444,0.0,3.931111111111113,7.419533333333334
2012-04-13,23.0,1036205.809111111,0.0,0.38925925925926114,7.419533333333334
2012-04-20,23.0,1001611.772888889,0.0,2.0864197530864215,7.419533333333334
2012-04-27,23.0,971484.4197777777,0.0,2.87567901234568,7.419533333333334
2012-05-10,23.0,1057036.4291111112,0.0,4.651728395061729,6.953711111111111
2012-05-18,23.0,1040531.9826666666,0.0,5.576790123456792,7.419533333333334
2012-05-25,23.0,1064276.9624444444,0.0,7.886419753086422,7.419533333333334
2012-06-01,23.0,999009.3766666667,0.0,-9.148148148148147,7.508333333333334
2012-06-04,23.0,1188940.3526666665,0.0,-0.3320987654320979,7.419533333333334
2012-06-07,23.0,1138956.041777778,0.0,12.474814814814815,7.237333333333334
2012-06-15,23.0,1075824.6822222222,0.0,9.69246913580247,7.419533333333334
2012-06-22,23.0,1059295.2215555555,0.0,11.205061728395064,7.419533333333334
2012-06-29,23.0,1035491.3804444444,0.0,12.64061728395062,7.419533333333334
2012-07-09,23.0,1074001.318,1.0,11.354814814814818,7.237333333333334
2012-07-13,23.0,1024438.4911111111,0.0,11.854814814814816,7.237333333333334
2012-07-20,23.0,1023545.41,0.0,11.764691358024692,7.237333333333334
2012-07-27,23.0,979936.7771111111,0.0,12.357901234567905,7.237333333333334
2012-08-06,23.0,1103359.372888889,0.0,7.995185185185187,7.419533333333334
2012-08-17,23.0,1052321.1566666665,0.0,12.129012345679014,7.237333333333334
2012-08-24,23.0,1054384.9688888888,0.0,9.440493827160497,7.237333333333334
2012-08-31,23.0,1047991.9873333334,0.0,11.218641975308644,7.237333333333334
2012-09-03,23.0,1055121.2024444444,0.0,-5.582839506172839,7.508333333333334
2012-09-14,23.0,982800.8588888888,0.0,7.021234567901236,7.237333333333334
2012-09-21,23.0,985656.6024444444,0.0,5.736049382716051,7.237333333333334
2012-09-28,23.0,971886.6533333333,0.0,6.196913580246916,7.237333333333334
2012-10-02,23.0,1111320.176,1.0,-9.862222222222222,7.508333333333334
2012-10-08,23.0,1053410.023111111,0.0,13.322345679012347,7.237333333333334
2012-10-19,23.0,1002720.2348888889,0.0,1.7251851851851863,6.953711111111111
2012-10-26,23.0,1012091.4731111111,0.0,1.9172839506172863,6.953711111111111
2012-11-05,23.0,1042797.3108888889,0.0,4.021111111111113,7.419533333333334
2012-12-10,23.0,1025078.0944444444,0.0,0.41259259259259434,6.953711111111111
